from, to, travel_time
1, 2, 76
1, 28, 403
1, 124, 81
2, 1, 76
2, 3, 36
2, 124, 143
2, 164, 71
2, 165, 113
3, 2, 36
3, 4, 89
3, 28, 363
3, 52, 415
3, 53, 437
3, 117, 354
3, 162, 123
3, 164, 94
3, 165, 136
4, 3, 89
4, 5, 126
4, 28, 322
4, 29, 306
4, 30, 272
4, 49, 396
4, 53, 396
4, 71, 640
4, 87, 465
4, 88, 529
4, 91, 547
4, 115, 448
4, 125, 360
4, 162, 81
4, 163, 114
4, 190, 686
4, 191, 686
5, 4, 126
5, 6, 141
5, 29, 259
5, 30, 179
5, 31, 176
5, 53, 363
5, 71, 549
5, 85, 418
5, 86, 427
5, 87, 417
5, 88, 481
5, 91, 461
5, 115, 400
5, 125, 313
5, 151, 192
5, 175, 197
5, 176, 179
5, 177, 185
6, 5, 141
6, 25, 4
6, 30, 76
6, 31, 69
6, 48, 118
6, 49, 212
6, 50, 192
6, 53, 267
6, 55, 299
6, 67, 374
6, 69, 411
6, 85, 320
6, 86, 330
6, 91, 363
6, 92, 667
6, 151, 85
6, 155, 260
6, 159, 234
6, 176, 237
6, 177, 253
7, 25, 102
7, 48, 118
7, 50, 192
7, 54, 257
7, 55, 299
7, 67, 374
7, 68, 483
7, 69, 411
7, 71, 411
7, 84, 370
7, 85, 337
7, 86, 378
7, 91, 336
7, 110, 368
7, 190, 460
7, 191, 460
8, 9, 166
8, 10, 247
8, 23, 198
8, 31, 166
8, 41, 567
8, 48, 266
8, 50, 340
8, 54, 336
8, 55, 364
8, 85, 424
8, 86, 488
8, 91, 422
8, 135, 323
8, 137, 316
8, 156, 179
8, 157, 192
8, 185, 241
9, 8, 166
9, 10, 115
9, 12, 255
9, 24, 95
9, 31, 154
9, 32, 203
9, 66, 414
9, 84, 517
9, 85, 492
9, 86, 502
9, 91, 483
9, 116, 284
9, 131, 242
9, 135, 192
9, 137, 184
9, 156, 56
9, 169, 205
9, 185, 109
10, 8, 247
10, 9, 115
10, 12, 170
10, 21, 491
10, 24, 165
10, 31, 234
10, 130, 46
10, 131, 158
10, 135, 107
10, 137, 100
10, 150, 176
10, 156, 135
10, 185, 20
11, 12, 127
11, 24, 184
11, 55, 493
11, 66, 521
11, 71, 359
11, 85, 570
11, 86, 614
11, 91, 569
11, 130, 28
11, 136, 258
11, 169, 80
12, 9, 255
12, 10, 170
12, 11, 127
12, 23, 310
12, 24, 238
12, 32, 141
12, 47, 336
12, 71, 393
12, 96, 59
12, 116, 148
12, 131, 191
12, 134, 296
12, 135, 145
12, 136, 312
12, 137, 145
12, 156, 274
12, 169, 134
12, 185, 164
13, 14, 67
13, 19, 445
13, 20, 445
13, 96, 64
13, 116, 49
13, 134, 285
13, 139, 196
13, 140, 223
13, 144, 209
14, 13, 67
14, 15, 70
14, 134, 328
15, 14, 70
15, 18, 318
15, 47, 98
15, 95, 77
15, 98, 321
15, 99, 321
15, 100, 321
15, 119, 317
15, 134, 282
15, 139, 116
15, 140, 163
15, 144, 149
16, 17, 60
16, 18, 257
16, 19, 273
16, 20, 273
16, 21, 401
16, 22, 392
16, 33, 252
16, 55, 522
16, 56, 531
16, 66, 550
16, 67, 474
16, 68, 374
16, 69, 408
16, 70, 215
16, 72, 482
16, 73, 553
16, 74, 642
16, 75, 702
16, 81, 489
16, 85, 599
16, 87, 826
16, 91, 598
16, 92, 352
16, 95, 20
16, 98, 261
16, 99, 261
16, 100, 261
16, 119, 257
16, 121, 483
16, 136, 426
16, 137, 426
16, 145, 671
16, 153, 235
16, 168, 101
16, 190, 408
16, 191, 408
17, 16, 60
17, 18, 230
17, 19, 238
17, 21, 415
17, 22, 406
17, 33, 266
17, 34, 386
17, 55, 536
17, 58, 389
17, 66, 564
17, 67, 488
17, 68, 388
17, 69, 422
17, 70, 229
17, 72, 496
17, 73, 567
17, 74, 656
17, 75, 716
17, 81, 503
17, 85, 613
17, 91, 612
17, 94, 9
17, 98, 235
17, 99, 235
17, 100, 235
17, 119, 230
17, 136, 440
17, 145, 685
17, 153, 249
17, 168, 138
17, 190, 422
17, 191, 422
18, 15, 318
18, 16, 257
18, 17, 230
18, 19, 401
18, 20, 401
18, 21, 599
18, 22, 599
18, 34, 550
18, 36, 548
18, 41, 457
18, 47, 288
18, 58, 553
18, 59, 583
18, 68, 552
18, 70, 425
18, 72, 674
18, 81, 681
18, 92, 499
18, 93, 274
18, 104, 404
18, 106, 225
18, 118, 587
18, 119, 231
18, 134, 528
18, 135, 636
18, 136, 633
18, 137, 635
18, 139, 350
18, 140, 371
18, 144, 383
18, 145, 863
18, 153, 430
18, 168, 244
18, 170, 258
19, 13, 445
19, 16, 273
19, 17, 238
19, 18, 401
19, 20, 238
19, 21, 385
19, 22, 432
19, 33, 321
19, 34, 339
19, 41, 253
19, 55, 564
19, 58, 342
19, 66, 599
19, 67, 523
19, 68, 385
19, 69, 457
19, 70, 262
19, 72, 474
19, 74, 620
19, 85, 648
19, 91, 647
19, 92, 253
19, 104, 155
19, 106, 418
19, 116, 445
19, 119, 401
19, 135, 589
19, 136, 466
19, 137, 588
19, 138, 644
19, 153, 254
19, 168, 352
19, 190, 457
19, 191, 457
20, 13, 445
20, 16, 273
20, 18, 401
20, 19, 238
20, 21, 385
20, 22, 432
20, 33, 320
20, 34, 339
20, 41, 253
20, 55, 564
20, 58, 342
20, 66, 599
20, 67, 523
20, 68, 385
20, 69, 457
20, 70, 261
20, 72, 474
20, 74, 620
20, 85, 648
20, 91, 647
20, 92, 253
20, 94, 238
20, 104, 155
20, 106, 418
20, 116, 445
20, 119, 401
20, 135, 588
20, 136, 466
20, 137, 588
20, 138, 643
20, 153, 254
20, 168, 351
20, 190, 457
20, 191, 457
21, 10, 491
21, 16, 401
21, 17, 415
21, 18, 599
21, 19, 385
21, 20, 385
21, 22, 216
21, 33, 293
21, 34, 162
21, 39, 481
21, 41, 295
21, 55, 313
21, 56, 299
21, 58, 169
21, 67, 306
21, 68, 135
21, 69, 240
21, 72, 291
21, 73, 349
21, 74, 437
21, 75, 497
21, 81, 284
21, 92, 267
21, 93, 426
21, 98, 573
21, 99, 573
21, 100, 573
21, 105, 302
21, 106, 583
21, 112, 362
21, 119, 599
21, 120, 194
21, 121, 243
21, 131, 599
21, 135, 548
21, 136, 250
21, 145, 466
21, 153, 277
21, 190, 241
21, 191, 241
22, 16, 392
22, 17, 406
22, 18, 599
22, 19, 432
22, 20, 432
22, 21, 216
22, 33, 284
22, 40, 400
22, 41, 295
22, 56, 256
22, 68, 101
22, 70, 228
22, 71, 1
22, 72, 207
22, 73, 278
22, 74, 366
22, 75, 426
22, 81, 213
22, 82, 313
22, 92, 305
22, 93, 464
22, 98, 605
22, 99, 605
22, 100, 605
22, 112, 292
22, 116, 384
22, 119, 599
22, 120, 213
22, 121, 207
22, 136, 134
22, 145, 395
22, 153, 268
22, 168, 468
22, 169, 304
22, 190, 133
22, 191, 133
23, 8, 198
23, 12, 310
23, 24, 98
23, 31, 319
23, 48, 364
23, 55, 265
23, 56, 310
23, 66, 275
23, 67, 167
23, 69, 203
23, 71, 115
23, 84, 361
23, 85, 328
23, 86, 392
23, 87, 555
23, 88, 581
23, 89, 639
23, 91, 326
23, 111, 414
23, 136, 160
23, 190, 212
23, 191, 212
24, 9, 95
24, 10, 165
24, 11, 184
24, 12, 238
24, 23, 98
24, 32, 137
24, 41, 370
24, 88, 644
24, 105, 488
24, 116, 219
24, 125, 492
24, 131, 292
24, 135, 242
24, 136, 121
24, 137, 234
24, 169, 139
24, 185, 159
25, 6, 4
25, 7, 102
25, 54, 243
25, 71, 448
26, 27, 59
26, 51, 117
26, 52, 148
26, 80, 133
26, 101, 678
27, 26, 59
27, 42, 59
27, 51, 110
27, 52, 117
27, 80, 99
27, 87, 426
27, 101, 667
27, 117, 65
28, 1, 403
28, 3, 363
28, 4, 322
28, 29, 55
28, 52, 141
28, 53, 154
28, 89, 372
28, 90, 328
28, 115, 272
28, 117, 77
28, 154, 401
28, 162, 376
28, 164, 390
29, 4, 306
29, 5, 259
29, 28, 55
29, 30, 131
29, 48, 213
29, 49, 199
29, 53, 154
29, 86, 322
29, 87, 258
29, 88, 322
29, 91, 340
29, 115, 241
29, 125, 153
29, 176, 378
29, 177, 381
30, 4, 272
30, 5, 179
30, 6, 76
30, 29, 131
30, 31, 88
30, 48, 128
30, 49, 195
30, 50, 203
30, 53, 270
30, 55, 353
30, 67, 426
30, 86, 353
30, 87, 289
30, 88, 353
30, 91, 371
30, 115, 272
30, 125, 184
30, 151, 115
30, 159, 278
30, 176, 280
30, 177, 297
31, 5, 176
31, 6, 69
31, 8, 166
31, 9, 154
31, 10, 234
31, 23, 319
31, 30, 88
31, 49, 262
31, 53, 318
31, 135, 311
31, 137, 303
31, 151, 63
31, 156, 162
31, 157, 175
31, 159, 210
31, 174, 202
31, 176, 231
31, 185, 228
32, 9, 203
32, 12, 141
32, 24, 137
32, 33, 47
32, 67, 358
32, 68, 292
32, 69, 324
32, 71, 302
32, 72, 398
32, 81, 405
32, 116, 107
32, 121, 399
32, 136, 201
32, 169, 26
32, 190, 324
32, 191, 324
33, 16, 252
33, 17, 266
33, 19, 321
33, 20, 320
33, 21, 293
33, 22, 284
33, 32, 47
33, 41, 237
33, 55, 414
33, 56, 423
33, 66, 442
33, 67, 358
33, 68, 266
33, 69, 300
33, 70, 105
33, 72, 374
33, 73, 445
33, 74, 534
33, 75, 594
33, 81, 381
33, 85, 491
33, 86, 556
33, 91, 490
33, 92, 240
33, 98, 464
33, 99, 464
33, 100, 464
33, 104, 339
33, 105, 346
33, 121, 375
33, 136, 229
33, 145, 563
33, 153, 124
33, 168, 327
33, 190, 300
33, 191, 300
34, 17, 386
34, 18, 550
34, 19, 339
34, 20, 339
34, 21, 162
34, 35, 127
34, 41, 246
34, 58, 60
34, 68, 100
34, 72, 221
34, 92, 229
34, 93, 427
34, 105, 163
34, 119, 550
34, 120, 145
35, 34, 127
35, 36, 103
35, 41, 278
35, 59, 145
35, 74, 452
35, 92, 238
35, 105, 50
35, 108, 534
35, 118, 181
36, 18, 548
36, 35, 103
36, 37, 39
36, 55, 533
36, 59, 100
36, 98, 540
36, 99, 540
36, 100, 540
36, 107, 487
36, 108, 489
36, 118, 136
36, 119, 548
37, 36, 39
37, 38, 60
38, 37, 60
38, 39, 63
38, 112, 189
38, 113, 152
39, 21, 481
39, 38, 63
39, 57, 45
39, 73, 259
39, 112, 145
39, 113, 108
40, 22, 400
40, 41, 550
40, 57, 31
40, 58, 383
40, 68, 373
40, 69, 425
40, 72, 348
40, 73, 227
40, 74, 176
40, 75, 150
40, 81, 227
40, 84, 533
40, 92, 542
40, 93, 667
40, 114, 47
40, 121, 303
40, 136, 434
40, 145, 287
40, 190, 425
40, 191, 425
41, 8, 567
41, 18, 457
41, 19, 253
41, 20, 253
41, 21, 295
41, 22, 295
41, 24, 370
41, 33, 237
41, 34, 246
41, 35, 278
41, 40, 550
41, 55, 427
41, 56, 412
41, 57, 550
41, 58, 249
41, 66, 462
41, 67, 386
41, 68, 248
41, 69, 320
41, 70, 154
41, 72, 370
41, 73, 441
41, 74, 530
41, 75, 590
41, 81, 377
41, 85, 511
41, 86, 576
41, 87, 738
41, 91, 510
41, 92, 222
41, 94, 294
41, 104, 273
41, 105, 273
41, 106, 474
41, 112, 455
41, 119, 457
41, 120, 154
41, 136, 329
41, 145, 559
41, 153, 158
41, 190, 320
41, 191, 320
42, 27, 59
42, 51, 121
42, 52, 154
42, 80, 120
42, 87, 426
42, 89, 384
42, 90, 340
42, 101, 673
42, 115, 284
42, 154, 413
43, 44, 33
43, 179, 144
44, 43, 33
44, 45, 32
45, 44, 32
45, 46, 43
45, 170, 12
46, 45, 43
46, 47, 29
46, 170, 39
47, 12, 336
47, 15, 98
47, 18, 288
47, 46, 29
47, 95, 117
47, 98, 293
47, 99, 293
47, 100, 293
47, 119, 288
47, 131, 461
47, 134, 298
47, 135, 406
47, 136, 522
47, 137, 405
47, 139, 104
47, 140, 104
47, 144, 138
47, 171, 541
48, 6, 118
48, 7, 118
48, 8, 266
48, 23, 364
48, 29, 213
48, 30, 128
48, 49, 107
48, 50, 114
48, 53, 170
48, 54, 203
48, 55, 244
48, 67, 322
48, 68, 426
48, 69, 354
48, 70, 544
48, 71, 354
48, 83, 394
48, 84, 353
48, 85, 331
48, 86, 341
48, 87, 391
48, 88, 455
48, 91, 319
48, 92, 621
48, 110, 331
48, 115, 374
48, 125, 286
48, 155, 187
48, 190, 405
48, 191, 405
49, 4, 396
49, 6, 212
49, 29, 199
49, 30, 195
49, 31, 262
49, 48, 107
49, 50, 115
49, 53, 128
49, 85, 319
49, 86, 329
49, 87, 353
49, 88, 417
49, 115, 336
49, 125, 248
49, 151, 278
50, 6, 192
50, 7, 192
50, 8, 340
50, 30, 203
50, 48, 114
50, 49, 115
50, 53, 129
50, 54, 102
50, 87, 417
50, 88, 472
50, 115, 400
50, 125, 312
50, 155, 86
51, 26, 117
51, 27, 110
51, 42, 121
51, 52, 114
51, 80, 101
51, 89, 336
51, 90, 292
51, 101, 689
51, 115, 236
51, 117, 163
51, 154, 365
52, 3, 415
52, 26, 148
52, 27, 117
52, 28, 141
52, 42, 154
52, 51, 114
52, 53, 198
52, 80, 157
52, 89, 266
52, 90, 222
52, 101, 744
52, 115, 166
52, 117, 170
52, 154, 295
52, 162, 454
53, 3, 437
53, 4, 396
53, 5, 363
53, 6, 267
53, 28, 154
53, 29, 154
53, 30, 270
53, 31, 318
53, 48, 170
53, 49, 128
53, 50, 129
53, 52, 198
53, 86, 398
53, 87, 355
53, 88, 413
53, 89, 429
53, 90, 385
53, 115, 312
53, 125, 250
53, 151, 334
53, 154, 458
53, 162, 450
53, 177, 486
54, 7, 257
54, 8, 336
54, 25, 243
54, 48, 203
54, 50, 102
54, 66, 2
54, 71, 265
54, 151, 310
54, 155, 61
54, 156, 435
54, 185, 486
55, 6, 299
55, 7, 299
55, 8, 364
55, 11, 493
55, 16, 522
55, 17, 536
55, 19, 564
55, 20, 564
55, 21, 313
55, 23, 265
55, 30, 353
55, 33, 414
55, 36, 533
55, 41, 427
55, 48, 244
55, 56, 102
55, 59, 574
55, 66, 85
55, 67, 135
55, 68, 239
55, 69, 217
55, 70, 357
55, 72, 195
55, 83, 179
55, 84, 168
55, 85, 135
55, 86, 199
55, 87, 362
55, 88, 388
55, 89, 446
55, 90, 484
55, 91, 133
55, 92, 434
55, 111, 242
55, 120, 343
55, 121, 160
55, 136, 281
55, 145, 393
55, 151, 362
55, 153, 398
55, 157, 475
55, 190, 195
55, 191, 195
56, 16, 531
56, 21, 299
56, 22, 256
56, 23, 310
56, 33, 423
56, 41, 412
56, 55, 102
56, 67, 199
56, 68, 228
56, 69, 227
56, 72, 180
56, 82, 228
56, 94, 553
56, 111, 228
56, 120, 328
56, 121, 93
56, 136, 290
56, 145, 353
56, 190, 181
56, 191, 180
57, 39, 45
57, 40, 31
57, 41, 550
58, 17, 389
58, 18, 553
58, 19, 342
58, 20, 342
58, 21, 169
58, 34, 60
58, 40, 383
58, 41, 249
58, 68, 113
58, 72, 200
58, 73, 261
58, 74, 349
58, 75, 409
58, 81, 196
58, 92, 246
58, 93, 430
58, 98, 578
58, 99, 578
58, 100, 578
58, 106, 541
58, 112, 275
58, 119, 553
58, 120, 148
58, 121, 117
58, 145, 378
59, 18, 583
59, 35, 145
59, 36, 100
59, 55, 574
59, 60, 63
59, 98, 561
59, 99, 561
59, 100, 561
59, 107, 501
59, 108, 504
59, 118, 151
59, 119, 583
59, 188, 112
60, 59, 63
60, 61, 34
61, 60, 34
61, 62, 56
62, 61, 56
62, 63, 32
63, 62, 32
63, 64, 31
64, 63, 31
64, 65, 22
65, 64, 22
65, 181, 71
66, 9, 414
66, 11, 521
66, 16, 550
66, 17, 564
66, 19, 599
66, 20, 599
66, 23, 275
66, 33, 442
66, 41, 462
66, 54, 2
66, 55, 85
66, 67, 163
66, 68, 267
66, 69, 245
66, 70, 385
66, 83, 218
66, 84, 177
66, 85, 144
66, 86, 209
66, 87, 371
66, 88, 398
66, 89, 456
66, 90, 493
66, 91, 143
66, 92, 462
66, 111, 305
66, 120, 380
66, 136, 309
66, 145, 440
66, 153, 426
66, 190, 246
66, 191, 246
67, 6, 374
67, 7, 374
67, 16, 474
67, 17, 488
67, 19, 523
67, 20, 523
67, 21, 306
67, 23, 167
67, 30, 426
67, 32, 358
67, 33, 358
67, 41, 386
67, 48, 322
67, 55, 135
67, 56, 199
67, 66, 163
67, 68, 191
67, 69, 119
67, 70, 309
67, 71, 120
67, 72, 233
67, 73, 368
67, 74, 457
67, 75, 517
67, 81, 304
67, 84, 246
67, 85, 213
67, 86, 277
67, 87, 440
67, 88, 466
67, 89, 524
67, 90, 562
67, 91, 211
67, 92, 386
67, 93, 545
67, 98, 686
67, 99, 686
67, 100, 686
67, 111, 285
67, 112, 382
67, 120, 304
67, 121, 246
67, 136, 235
67, 145, 472
67, 153, 350
67, 190, 207
67, 191, 207
68, 7, 483
68, 16, 374
68, 17, 388
68, 18, 552
68, 19, 385
68, 20, 385
68, 21, 135
68, 22, 101
68, 32, 292
68, 33, 266
68, 34, 100
68, 40, 373
68, 41, 248
68, 48, 426
68, 55, 239
68, 56, 228
68, 58, 113
68, 66, 267
68, 67, 191
68, 69, 125
68, 70, 187
68, 72, 180
68, 73, 251
68, 74, 339
68, 75, 399
68, 81, 186
68, 82, 286
68, 84, 350
68, 85, 317
68, 86, 381
68, 87, 544
68, 88, 570
68, 89, 628
68, 91, 315
68, 92, 287
68, 93, 446
68, 106, 569
68, 112, 265
68, 119, 552
68, 120, 164
68, 121, 180
68, 136, 135
68, 145, 368
68, 168, 450
68, 190, 126
68, 191, 126
69, 6, 411
69, 7, 411
69, 16, 408
69, 17, 422
69, 19, 457
69, 20, 457
69, 21, 240
69, 23, 203
69, 32, 324
69, 33, 300
69, 40, 425
69, 41, 320
69, 48, 354
69, 55, 217
69, 56, 227
69, 66, 245
69, 67, 119
69, 68, 125
69, 70, 244
69, 71, 119
69, 72, 231
69, 73, 302
69, 74, 391
69, 75, 451
69, 81, 238
69, 82, 338
69, 84, 328
69, 85, 295
69, 86, 359
69, 87, 522
69, 88, 548
69, 89, 606
69, 91, 293
69, 92, 321
69, 93, 480
69, 98, 621
69, 99, 621
69, 100, 621
69, 112, 316
69, 120, 238
69, 121, 238
69, 136, 167
69, 145, 420
69, 153, 284
69, 190, 104
69, 191, 104
70, 16, 215
70, 17, 229
70, 18, 425
70, 19, 262
70, 20, 261
70, 22, 228
70, 33, 105
70, 41, 154
70, 48, 544
70, 55, 357
70, 66, 385
70, 67, 309
70, 68, 187
70, 69, 244
70, 81, 318
70, 85, 435
70, 86, 499
70, 91, 433
70, 92, 161
70, 98, 427
70, 99, 427
70, 100, 427
70, 104, 281
70, 105, 288
70, 119, 425
70, 120, 40
70, 136, 262
70, 153, 66
70, 168, 290
70, 190, 244
70, 191, 244
71, 4, 640
71, 5, 549
71, 7, 411
71, 11, 359
71, 12, 393
71, 22, 1
71, 23, 115
71, 25, 448
71, 32, 302
71, 48, 354
71, 54, 265
71, 67, 120
71, 69, 119
71, 151, 435
72, 16, 482
72, 17, 496
72, 18, 674
72, 19, 474
72, 20, 474
72, 21, 291
72, 22, 207
72, 32, 398
72, 33, 374
72, 34, 221
72, 40, 348
72, 41, 370
72, 55, 195
72, 56, 180
72, 58, 200
72, 67, 233
72, 68, 180
72, 69, 231
72, 73, 225
72, 74, 314
72, 75, 374
72, 81, 161
72, 82, 262
72, 92, 361
72, 93, 520
72, 98, 668
72, 99, 668
72, 100, 668
72, 111, 262
72, 112, 239
72, 119, 674
72, 120, 282
72, 121, 155
72, 136, 241
72, 145, 343
72, 153, 358
72, 190, 148
72, 191, 148
73, 16, 553
73, 17, 567
73, 21, 349
73, 22, 278
73, 33, 445
73, 39, 259
73, 40, 227
73, 41, 441
73, 58, 261
73, 67, 368
73, 68, 251
73, 69, 302
73, 72, 225
73, 74, 193
73, 75, 281
73, 81, 101
73, 82, 191
73, 83, 322
73, 85, 424
73, 86, 502
73, 91, 436
73, 92, 466
73, 112, 148
73, 113, 182
73, 114, 199
73, 120, 359
73, 121, 181
73, 136, 312
73, 145, 250
73, 190, 303
73, 191, 303
74, 16, 642
74, 17, 656
74, 19, 620
74, 20, 620
74, 21, 437
74, 22, 366
74, 33, 534
74, 35, 452
74, 40, 176
74, 41, 530
74, 58, 349
74, 67, 457
74, 68, 339
74, 69, 391
74, 72, 314
74, 73, 193
74, 75, 230
74, 76, 284
74, 81, 193
74, 82, 292
74, 83, 379
74, 92, 554
74, 93, 667
74, 98, 814
74, 99, 814
74, 100, 814
74, 107, 823
74, 112, 193
74, 113, 184
74, 114, 147
74, 120, 448
74, 121, 269
74, 136, 400
74, 145, 193
74, 190, 391
74, 191, 391
75, 16, 702
75, 17, 716
75, 21, 497
75, 22, 426
75, 33, 594
75, 40, 150
75, 41, 590
75, 58, 409
75, 67, 517
75, 68, 399
75, 69, 451
75, 72, 374
75, 73, 281
75, 74, 230
75, 76, 104
75, 81, 281
75, 84, 578
75, 92, 614
75, 93, 752
75, 114, 173
75, 120, 508
75, 121, 329
75, 136, 460
75, 145, 313
75, 148, 361
75, 154, 1003
75, 190, 451
75, 191, 451
76, 74, 284
76, 75, 104
76, 84, 640
76, 145, 376
76, 148, 397
77, 78, 94
77, 79, 276
77, 80, 225
77, 127, 366
77, 128, 345
77, 129, 366
77, 148, 978
78, 77, 94
78, 79, 256
78, 80, 205
78, 127, 346
78, 128, 325
78, 129, 346
78, 148, 958
79, 77, 276
79, 78, 256
79, 80, 72
79, 127, 333
79, 128, 309
79, 129, 333
79, 148, 1033
79, 152, 1033
80, 26, 133
80, 27, 99
80, 42, 120
80, 51, 101
80, 52, 157
80, 77, 225
80, 78, 205
80, 79, 72
80, 89, 388
80, 90, 344
80, 101, 660
80, 115, 288
80, 127, 281
80, 128, 258
80, 129, 281
80, 154, 417
81, 16, 489
81, 17, 503
81, 18, 681
81, 21, 284
81, 22, 213
81, 32, 405
81, 33, 381
81, 40, 227
81, 41, 377
81, 58, 196
81, 67, 304
81, 68, 186
81, 69, 238
81, 70, 318
81, 72, 161
81, 73, 101
81, 74, 193
81, 75, 281
81, 82, 118
81, 92, 401
81, 98, 701
81, 99, 701
81, 100, 701
81, 112, 102
81, 119, 681
81, 120, 295
81, 121, 116
81, 136, 247
81, 145, 250
81, 190, 238
81, 191, 238
82, 22, 313
82, 56, 228
82, 68, 286
82, 69, 338
82, 72, 262
82, 73, 191
82, 74, 292
82, 81, 118
82, 111, 37
82, 112, 184
82, 121, 214
82, 190, 263
82, 191, 262
83, 48, 394
83, 55, 179
83, 66, 218
83, 73, 322
83, 74, 379
83, 84, 78
83, 87, 343
83, 88, 359
83, 89, 417
83, 90, 422
83, 111, 134
83, 145, 254
84, 7, 370
84, 9, 517
84, 23, 361
84, 40, 533
84, 48, 353
84, 55, 168
84, 66, 177
84, 67, 246
84, 68, 350
84, 69, 328
84, 75, 578
84, 76, 640
84, 83, 78
84, 85, 57
84, 86, 157
84, 87, 296
84, 88, 346
84, 89, 404
84, 91, 91
84, 110, 99
84, 136, 391
84, 157, 568
84, 190, 329
84, 191, 329
85, 5, 418
85, 6, 320
85, 7, 337
85, 8, 424
85, 9, 492
85, 11, 570
85, 16, 599
85, 17, 613
85, 19, 648
85, 20, 648
85, 23, 328
85, 33, 491
85, 41, 511
85, 48, 331
85, 49, 319
85, 55, 135
85, 66, 144
85, 67, 213
85, 68, 317
85, 69, 295
85, 70, 435
85, 73, 424
85, 84, 57
85, 86, 157
85, 88, 322
85, 89, 380
85, 91, 91
85, 92, 512
85, 110, 62
85, 120, 429
85, 136, 358
85, 153, 475
85, 177, 540
85, 190, 296
85, 191, 296
86, 5, 427
86, 6, 330
86, 7, 378
86, 8, 488
86, 9, 502
86, 11, 614
86, 23, 392
86, 29, 322
86, 30, 353
86, 33, 556
86, 41, 576
86, 48, 341
86, 49, 329
86, 53, 398
86, 55, 199
86, 66, 209
86, 67, 277
86, 68, 381
86, 69, 359
86, 70, 499
86, 73, 502
86, 84, 157
86, 85, 157
86, 87, 254
86, 88, 271
86, 89, 329
86, 90, 366
86, 91, 100
86, 92, 576
86, 110, 180
86, 115, 286
86, 120, 494
86, 125, 199
86, 136, 423
86, 177, 550
86, 185, 574
86, 190, 360
86, 191, 360
87, 4, 465
87, 5, 417
87, 16, 826
87, 23, 555
87, 27, 426
87, 29, 258
87, 30, 289
87, 41, 738
87, 42, 426
87, 48, 391
87, 49, 353
87, 50, 417
87, 53, 355
87, 55, 362
87, 66, 371
87, 67, 440
87, 68, 544
87, 69, 522
87, 83, 343
87, 84, 296
87, 86, 254
87, 88, 142
87, 89, 200
87, 90, 237
87, 91, 272
87, 92, 739
87, 115, 178
87, 120, 656
87, 125, 134
87, 136, 585
87, 176, 536
87, 177, 539
88, 4, 529
88, 5, 481
88, 23, 581
88, 24, 644
88, 29, 322
88, 30, 353
88, 48, 455
88, 49, 417
88, 50, 472
88, 53, 413
88, 55, 388
88, 66, 398
88, 67, 466
88, 68, 570
88, 69, 548
88, 83, 359
88, 84, 346
88, 85, 322
88, 86, 271
88, 87, 142
88, 89, 158
88, 90, 194
88, 91, 289
88, 115, 175
88, 125, 198
88, 136, 612
88, 190, 549
88, 191, 549
89, 23, 639
89, 28, 372
89, 42, 384
89, 51, 336
89, 52, 266
89, 53, 429
89, 55, 446
89, 66, 456
89, 67, 524
89, 68, 628
89, 69, 606
89, 80, 388
89, 83, 417
89, 84, 404
89, 85, 380
89, 86, 329
89, 87, 200
89, 88, 158
89, 90, 76
89, 91, 347
89, 115, 151
89, 190, 607
89, 191, 607
90, 28, 328
90, 42, 340
90, 51, 292
90, 52, 222
90, 53, 385
90, 55, 484
90, 66, 493
90, 67, 562
90, 80, 344
90, 83, 422
90, 86, 366
90, 87, 237
90, 88, 194
90, 89, 76
90, 91, 384
90, 115, 123
90, 154, 101
91, 4, 547
91, 5, 461
91, 6, 363
91, 7, 336
91, 8, 422
91, 9, 483
91, 11, 569
91, 16, 598
91, 17, 612
91, 19, 647
91, 20, 647
91, 23, 326
91, 29, 340
91, 30, 371
91, 33, 490
91, 41, 510
91, 48, 319
91, 55, 133
91, 66, 143
91, 67, 211
91, 68, 315
91, 69, 293
91, 70, 433
91, 73, 436
91, 84, 91
91, 85, 91
91, 86, 100
91, 87, 272
91, 88, 289
91, 89, 347
91, 90, 384
91, 92, 510
91, 110, 142
91, 115, 304
91, 120, 428
91, 136, 357
91, 151, 399
91, 153, 474
91, 157, 533
91, 177, 583
91, 190, 294
91, 191, 294
92, 6, 667
92, 16, 352
92, 18, 499
92, 19, 253
92, 20, 253
92, 21, 267
92, 22, 305
92, 33, 240
92, 34, 229
92, 35, 238
92, 40, 542
92, 41, 222
92, 48, 621
92, 55, 434
92, 58, 246
92, 66, 462
92, 67, 386
92, 68, 287
92, 69, 321
92, 70, 161
92, 72, 361
92, 73, 466
92, 74, 554
92, 75, 614
92, 81, 401
92, 85, 512
92, 86, 576
92, 87, 739
92, 91, 510
92, 93, 345
92, 94, 305
92, 98, 492
92, 99, 492
92, 100, 492
92, 105, 229
92, 106, 452
92, 113, 506
92, 119, 499
92, 120, 161
92, 136, 339
92, 145, 583
92, 151, 667
92, 153, 190
92, 168, 427
92, 190, 321
92, 191, 321
93, 18, 274
93, 21, 426
93, 22, 464
93, 34, 427
93, 40, 667
93, 58, 430
93, 67, 545
93, 68, 446
93, 69, 480
93, 72, 520
93, 74, 667
93, 75, 752
93, 92, 345
93, 94, 77
93, 98, 270
93, 99, 270
93, 100, 270
93, 106, 225
93, 119, 274
93, 136, 498
93, 153, 299
93, 190, 480
93, 191, 480
94, 17, 9
94, 20, 238
94, 41, 294
94, 56, 553
94, 92, 305
94, 93, 77
94, 104, 207
94, 106, 223
95, 15, 77
95, 16, 20
95, 47, 117
95, 131, 462
95, 134, 299
95, 135, 407
95, 139, 135
95, 140, 182
95, 144, 168
95, 167, 748
96, 12, 59
96, 13, 64
96, 116, 100
96, 139, 246
96, 144, 259
97, 133, 263
97, 134, 229
98, 15, 321
98, 16, 261
98, 17, 235
98, 21, 573
98, 22, 605
98, 33, 464
98, 36, 540
98, 47, 293
98, 58, 578
98, 59, 561
98, 67, 686
98, 69, 621
98, 70, 427
98, 72, 668
98, 74, 814
98, 81, 701
98, 92, 492
98, 93, 270
98, 99, 235
98, 100, 235
98, 104, 400
98, 106, 225
98, 118, 542
98, 134, 532
98, 135, 640
98, 136, 639
98, 137, 639
98, 139, 352
98, 144, 386
98, 153, 446
98, 167, 964
98, 168, 251
98, 170, 259
98, 190, 621
98, 191, 621
99, 15, 321
99, 16, 261
99, 17, 235
99, 21, 573
99, 22, 605
99, 33, 464
99, 36, 540
99, 47, 293
99, 58, 578
99, 59, 561
99, 67, 686
99, 69, 621
99, 70, 427
99, 72, 668
99, 74, 814
99, 81, 701
99, 92, 492
99, 93, 270
99, 98, 235
99, 100, 235
99, 104, 400
99, 106, 225
99, 118, 542
99, 134, 532
99, 135, 640
99, 136, 639
99, 137, 639
99, 139, 352
99, 144, 386
99, 153, 446
99, 167, 964
99, 168, 251
99, 170, 259
99, 190, 621
99, 191, 621
100, 15, 321
100, 16, 261
100, 17, 235
100, 21, 573
100, 22, 605
100, 33, 464
100, 36, 540
100, 47, 293
100, 58, 578
100, 59, 561
100, 67, 686
100, 69, 621
100, 70, 427
100, 72, 668
100, 74, 814
100, 81, 701
100, 92, 492
100, 93, 270
100, 98, 235
100, 99, 235
100, 104, 400
100, 106, 224
100, 118, 542
100, 134, 532
100, 135, 640
100, 136, 639
100, 137, 639
100, 139, 352
100, 144, 386
100, 153, 446
100, 168, 251
100, 170, 259
100, 190, 621
100, 191, 621
101, 26, 678
101, 27, 667
101, 42, 673
101, 51, 689
101, 52, 744
101, 80, 660
101, 102, 61
102, 101, 61
102, 103, 33
103, 102, 33
103, 123, 37
104, 18, 404
104, 19, 155
104, 20, 155
104, 33, 339
104, 41, 273
104, 70, 281
104, 94, 207
104, 98, 400
104, 99, 400
104, 100, 400
104, 105, 40
104, 106, 355
104, 119, 404
104, 120, 304
104, 153, 248
105, 21, 302
105, 24, 488
105, 33, 346
105, 34, 163
105, 35, 50
105, 41, 273
105, 70, 288
105, 92, 229
105, 104, 40
105, 120, 292
105, 153, 255
106, 18, 225
106, 19, 418
106, 20, 418
106, 21, 583
106, 41, 474
106, 58, 541
106, 68, 569
106, 92, 452
106, 93, 225
106, 94, 223
106, 98, 225
106, 99, 225
106, 100, 224
106, 104, 355
106, 107, 53
106, 119, 225
106, 168, 150
106, 170, 112
107, 36, 487
107, 59, 501
107, 74, 823
107, 106, 53
107, 108, 82
107, 118, 449
108, 35, 534
108, 36, 489
108, 59, 504
108, 107, 82
108, 109, 38
108, 118, 452
109, 108, 38
109, 180, 307
110, 7, 368
110, 48, 331
110, 84, 99
110, 85, 62
110, 86, 180
110, 91, 142
110, 125, 86
111, 23, 414
111, 55, 242
111, 56, 228
111, 66, 305
111, 67, 285
111, 72, 262
111, 82, 37
111, 83, 134
111, 121, 214
111, 145, 250
111, 190, 263
111, 191, 262
112, 21, 362
112, 22, 292
112, 38, 189
112, 39, 145
112, 41, 455
112, 58, 275
112, 67, 382
112, 68, 265
112, 69, 316
112, 72, 239
112, 73, 148
112, 74, 193
112, 81, 102
112, 82, 184
112, 113, 53
112, 120, 373
112, 121, 194
112, 136, 326
112, 145, 326
112, 190, 317
112, 191, 317
113, 38, 152
113, 39, 108
113, 73, 182
113, 74, 184
113, 92, 506
113, 112, 53
113, 114, 49
114, 40, 47
114, 73, 199
114, 74, 147
114, 75, 173
114, 113, 49
114, 121, 280
114, 145, 281
115, 4, 448
115, 5, 400
115, 28, 272
115, 29, 241
115, 30, 272
115, 42, 284
115, 48, 374
115, 49, 336
115, 50, 400
115, 51, 236
115, 52, 166
115, 53, 312
115, 80, 288
115, 86, 286
115, 87, 178
115, 88, 175
115, 89, 151
115, 90, 123
115, 91, 304
115, 125, 117
115, 154, 195
115, 176, 519
115, 177, 522
116, 9, 284
116, 12, 148
116, 13, 49
116, 19, 445
116, 20, 445
116, 22, 384
116, 24, 219
116, 32, 107
116, 96, 100
116, 135, 272
116, 136, 283
116, 137, 272
116, 169, 110
117, 3, 354
117, 27, 65
117, 28, 77
117, 51, 163
117, 52, 170
117, 162, 393
118, 18, 587
118, 35, 181
118, 36, 136
118, 59, 151
118, 98, 542
118, 99, 542
118, 100, 542
118, 107, 449
118, 108, 452
118, 119, 587
119, 15, 317
119, 16, 257
119, 17, 230
119, 18, 231
119, 19, 401
119, 20, 401
119, 21, 599
119, 22, 599
119, 34, 550
119, 36, 548
119, 41, 457
119, 47, 288
119, 58, 553
119, 59, 583
119, 68, 552
119, 70, 425
119, 72, 674
119, 81, 681
119, 92, 499
119, 93, 274
119, 104, 404
119, 106, 225
119, 118, 587
119, 134, 528
119, 135, 635
119, 136, 633
119, 137, 635
119, 139, 350
119, 140, 370
119, 144, 383
119, 145, 863
119, 153, 430
119, 168, 243
119, 170, 257
120, 21, 194
120, 22, 213
120, 34, 145
120, 41, 154
120, 55, 343
120, 56, 328
120, 58, 148
120, 66, 380
120, 67, 304
120, 68, 164
120, 69, 238
120, 70, 40
120, 72, 282
120, 73, 359
120, 74, 448
120, 75, 508
120, 81, 295
120, 85, 429
120, 86, 494
120, 87, 656
120, 91, 428
120, 92, 161
120, 104, 304
120, 105, 292
120, 112, 373
120, 136, 247
120, 145, 477
120, 190, 238
120, 191, 238
121, 16, 483
121, 21, 243
121, 22, 207
121, 32, 399
121, 33, 375
121, 40, 303
121, 55, 160
121, 56, 93
121, 58, 117
121, 67, 246
121, 68, 180
121, 69, 238
121, 72, 155
121, 73, 181
121, 74, 269
121, 75, 329
121, 81, 116
121, 82, 214
121, 111, 214
121, 112, 194
121, 114, 280
121, 136, 241
121, 145, 298
121, 190, 152
121, 191, 151
122, 123, 24
122, 126, 38
122, 128, 966
123, 103, 37
123, 122, 24
124, 1, 81
124, 2, 143
124, 126, 29
125, 4, 360
125, 5, 313
125, 24, 492
125, 29, 153
125, 30, 184
125, 48, 286
125, 49, 248
125, 50, 312
125, 53, 250
125, 86, 199
125, 87, 134
125, 88, 198
125, 110, 86
125, 115, 117
125, 176, 432
125, 177, 435
126, 122, 38
126, 124, 29
127, 77, 366
127, 78, 346
127, 79, 333
127, 80, 281
127, 128, 217
127, 129, 217
127, 148, 829
128, 77, 345
128, 78, 325
128, 79, 309
128, 80, 258
128, 122, 966
128, 127, 217
128, 129, 217
128, 148, 829
129, 77, 366
129, 78, 346
129, 79, 333
129, 80, 281
129, 127, 217
129, 128, 217
129, 148, 829
130, 10, 46
130, 11, 28
130, 135, 143
130, 137, 135
131, 9, 242
131, 10, 158
131, 12, 191
131, 21, 599
131, 24, 292
131, 47, 461
131, 95, 462
131, 135, 92
131, 137, 91
131, 139, 405
131, 140, 432
131, 144, 418
131, 150, 28
131, 156, 262
131, 169, 281
131, 171, 207
131, 185, 151
132, 138, 16
132, 150, 21
133, 97, 263
133, 134, 50
133, 138, 87
133, 172, 124
133, 187, 127
134, 12, 296
134, 13, 285
134, 14, 328
134, 15, 282
134, 18, 528
134, 47, 298
134, 95, 299
134, 97, 229
134, 98, 532
134, 99, 532
134, 100, 532
134, 119, 528
134, 133, 50
134, 139, 243
134, 140, 270
134, 144, 255
135, 8, 323
135, 9, 192
135, 10, 107
135, 12, 145
135, 18, 636
135, 19, 589
135, 20, 588
135, 21, 548
135, 24, 242
135, 31, 311
135, 47, 406
135, 95, 407
135, 98, 640
135, 99, 640
135, 100, 640
135, 116, 272
135, 119, 635
135, 130, 143
135, 131, 92
135, 137, 46
135, 139, 350
135, 140, 377
135, 144, 363
135, 156, 211
135, 169, 220
135, 171, 201
135, 185, 100
136, 11, 258
136, 12, 312
136, 16, 426
136, 17, 440
136, 18, 633
136, 19, 466
136, 20, 466
136, 21, 250
136, 22, 134
136, 23, 160
136, 24, 121
136, 32, 201
136, 33, 229
136, 40, 434
136, 41, 329
136, 47, 522
136, 55, 281
136, 56, 290
136, 66, 309
136, 67, 235
136, 68, 135
136, 69, 167
136, 70, 262
136, 72, 241
136, 73, 312
136, 74, 400
136, 75, 460
136, 81, 247
136, 84, 391
136, 85, 358
136, 86, 423
136, 87, 585
136, 88, 612
136, 91, 357
136, 92, 339
136, 93, 498
136, 98, 639
136, 99, 639
136, 100, 639
136, 112, 326
136, 116, 283
136, 119, 633
136, 120, 247
136, 121, 241
136, 145, 429
136, 153, 302
136, 169, 203
136, 190, 167
136, 191, 167
137, 8, 316
137, 9, 184
137, 10, 100
137, 12, 145
137, 16, 426
137, 18, 635
137, 19, 588
137, 20, 588
137, 24, 234
137, 31, 303
137, 47, 405
137, 98, 639
137, 99, 639
137, 100, 639
137, 116, 272
137, 119, 635
137, 130, 135
137, 131, 91
137, 135, 46
137, 139, 350
137, 140, 377
137, 144, 362
137, 156, 204
137, 169, 220
137, 171, 172
137, 185, 93
138, 19, 644
138, 20, 643
138, 132, 16
138, 133, 87
138, 172, 118
138, 187, 121
139, 13, 196
139, 15, 116
139, 18, 350
139, 47, 104
139, 95, 135
139, 96, 246
139, 98, 352
139, 99, 352
139, 100, 352
139, 119, 350
139, 131, 405
139, 134, 243
139, 135, 350
139, 137, 350
139, 140, 81
139, 144, 82
139, 185, 369
140, 13, 223
140, 15, 163
140, 18, 371
140, 47, 104
140, 95, 182
140, 119, 370
140, 131, 432
140, 134, 270
140, 135, 377
140, 137, 377
140, 139, 81
140, 141, 33
140, 144, 63
140, 185, 396
141, 140, 33
141, 142, 47
141, 143, 104
141, 144, 87
142, 141, 47
142, 143, 82
143, 141, 104
143, 142, 82
143, 144, 25
144, 13, 209
144, 15, 149
144, 18, 383
144, 47, 138
144, 95, 168
144, 96, 259
144, 98, 386
144, 99, 386
144, 100, 386
144, 119, 383
144, 131, 418
144, 134, 255
144, 135, 363
144, 137, 362
144, 139, 82
144, 140, 63
144, 141, 87
144, 143, 25
144, 185, 381
145, 16, 671
145, 17, 685
145, 18, 863
145, 21, 466
145, 22, 395
145, 33, 563
145, 40, 287
145, 41, 559
145, 55, 393
145, 56, 353
145, 58, 378
145, 66, 440
145, 67, 472
145, 68, 368
145, 69, 420
145, 72, 343
145, 73, 250
145, 74, 193
145, 75, 313
145, 76, 376
145, 81, 250
145, 83, 254
145, 92, 583
145, 111, 250
145, 112, 326
145, 114, 281
145, 119, 863
145, 120, 477
145, 121, 298
145, 136, 429
145, 146, 52
145, 190, 420
145, 191, 420
146, 145, 52
146, 152, 56
147, 148, 73
147, 152, 50
148, 75, 361
148, 76, 397
148, 77, 978
148, 78, 958
148, 79, 1033
148, 127, 829
148, 128, 829
148, 129, 829
148, 147, 73
149, 167, 235
149, 171, 385
149, 187, 468
150, 10, 176
150, 131, 28
150, 132, 21
150, 171, 192
150, 185, 169
151, 5, 192
151, 6, 85
151, 30, 115
151, 31, 63
151, 49, 278
151, 53, 334
151, 54, 310
151, 55, 362
151, 71, 435
151, 91, 399
151, 92, 667
151, 159, 238
151, 174, 243
151, 190, 495
151, 191, 495
152, 79, 1033
152, 146, 56
152, 147, 50
152, 190, 495
152, 191, 495
153, 16, 235
153, 17, 249
153, 18, 430
153, 19, 254
153, 20, 254
153, 21, 277
153, 22, 268
153, 33, 124
153, 41, 158
153, 55, 398
153, 66, 426
153, 67, 350
153, 69, 284
153, 70, 66
153, 72, 358
153, 85, 475
153, 91, 474
153, 92, 190
153, 93, 299
153, 98, 446
153, 99, 446
153, 100, 446
153, 104, 248
153, 105, 255
153, 119, 430
153, 136, 302
153, 168, 311
153, 190, 284
153, 191, 284
154, 28, 401
154, 42, 413
154, 51, 365
154, 52, 295
154, 53, 458
154, 75, 1003
154, 80, 417
154, 90, 101
154, 115, 195
155, 6, 260
155, 48, 187
155, 50, 86
155, 54, 61
156, 8, 179
156, 9, 56
156, 10, 135
156, 12, 274
156, 31, 162
156, 54, 435
156, 131, 262
156, 135, 211
156, 137, 204
156, 157, 35
156, 171, 161
156, 185, 129
157, 8, 192
157, 31, 175
157, 55, 475
157, 84, 568
157, 91, 533
157, 156, 35
157, 171, 151
157, 173, 1
158, 173, 54
158, 174, 2
159, 6, 234
159, 30, 278
159, 31, 210
159, 151, 238
159, 171, 165
159, 175, 1
160, 175, 31
160, 176, 2
161, 176, 32
161, 177, 0
162, 3, 123
162, 4, 81
162, 28, 376
162, 52, 454
162, 53, 450
162, 117, 393
162, 163, 40
162, 177, 62
163, 4, 114
163, 162, 40
163, 164, 37
164, 2, 71
164, 3, 94
164, 28, 390
164, 163, 37
164, 165, 50
165, 2, 113
165, 3, 136
165, 164, 50
165, 166, 115
166, 165, 115
166, 167, 52
166, 178, 146
167, 95, 748
167, 98, 964
167, 99, 964
167, 149, 235
167, 166, 52
167, 171, 206
167, 178, 116
167, 186, 202
168, 16, 101
168, 17, 138
168, 18, 244
168, 19, 352
168, 20, 351
168, 22, 468
168, 33, 327
168, 68, 450
168, 70, 290
168, 92, 427
168, 98, 251
168, 99, 251
168, 100, 251
168, 106, 150
168, 119, 243
168, 153, 311
168, 170, 71
169, 9, 205
169, 11, 80
169, 12, 134
169, 22, 304
169, 24, 139
169, 32, 26
169, 116, 110
169, 131, 281
169, 135, 220
169, 136, 203
169, 137, 220
170, 18, 258
170, 45, 12
170, 46, 39
170, 98, 259
170, 99, 259
170, 100, 259
170, 106, 112
170, 119, 257
170, 168, 71
170, 185, 491
171, 47, 541
171, 131, 207
171, 135, 201
171, 137, 172
171, 149, 385
171, 150, 192
171, 156, 161
171, 157, 151
171, 159, 165
171, 167, 206
171, 174, 152
171, 185, 116
171, 186, 15
172, 133, 124
172, 138, 118
172, 187, 15
173, 157, 1
173, 158, 54
174, 31, 202
174, 151, 243
174, 158, 2
174, 171, 152
174, 175, 25
175, 5, 197
175, 159, 1
175, 160, 31
175, 174, 25
176, 5, 179
176, 6, 237
176, 29, 378
176, 30, 280
176, 31, 231
176, 87, 536
176, 115, 519
176, 125, 432
176, 160, 2
176, 161, 32
177, 5, 185
177, 6, 253
177, 29, 381
177, 30, 297
177, 53, 486
177, 85, 540
177, 86, 550
177, 87, 539
177, 91, 583
177, 115, 522
177, 125, 435
177, 161, 0
177, 162, 62
178, 166, 146
178, 167, 116
179, 43, 144
179, 180, 56
180, 109, 307
180, 179, 56
181, 65, 71
181, 182, 72
182, 181, 72
182, 183, 38
183, 182, 38
183, 184, 75
184, 183, 75
185, 8, 241
185, 9, 109
185, 10, 20
185, 12, 164
185, 24, 159
185, 31, 228
185, 54, 486
185, 86, 574
185, 131, 151
185, 135, 100
185, 137, 93
185, 139, 369
185, 140, 396
185, 144, 381
185, 150, 169
185, 156, 129
185, 170, 491
185, 171, 116
186, 167, 202
186, 171, 15
187, 133, 127
187, 138, 121
187, 149, 468
187, 172, 15
188, 59, 112
188, 189, 69
189, 188, 69
190, 4, 686
190, 7, 460
190, 16, 408
190, 17, 422
190, 19, 457
190, 20, 457
190, 21, 241
190, 22, 133
190, 23, 212
190, 32, 324
190, 33, 300
190, 40, 425
190, 41, 320
190, 48, 405
190, 55, 195
190, 56, 181
190, 66, 246
190, 67, 207
190, 68, 126
190, 69, 104
190, 70, 244
190, 72, 148
190, 73, 303
190, 74, 391
190, 75, 451
190, 81, 238
190, 82, 263
190, 84, 329
190, 85, 296
190, 86, 360
190, 88, 549
190, 89, 607
190, 91, 294
190, 92, 321
190, 93, 480
190, 98, 621
190, 99, 621
190, 100, 621
190, 111, 263
190, 112, 317
190, 120, 238
190, 121, 152
190, 136, 167
190, 145, 420
190, 151, 495
190, 152, 495
190, 153, 284
190, 191, 84
191, 4, 686
191, 7, 460
191, 16, 408
191, 17, 422
191, 19, 457
191, 20, 457
191, 21, 241
191, 22, 133
191, 23, 212
191, 32, 324
191, 33, 300
191, 40, 425
191, 41, 320
191, 48, 405
191, 55, 195
191, 56, 180
191, 66, 246
191, 67, 207
191, 68, 126
191, 69, 104
191, 70, 244
191, 72, 148
191, 73, 303
191, 74, 391
191, 75, 451
191, 81, 238
191, 82, 262
191, 84, 329
191, 85, 296
191, 86, 360
191, 88, 549
191, 89, 607
191, 91, 294
191, 92, 321
191, 93, 480
191, 98, 621
191, 99, 621
191, 100, 621
191, 111, 262
191, 112, 317
191, 120, 238
191, 121, 151
191, 136, 167
191, 145, 420
191, 151, 495
191, 152, 495
191, 153, 284
191, 190, 84
