from, to, travel_time
1, 2, 76
1, 124, 81
2, 1, 76
2, 3, 36
2, 124, 143
2, 164, 71
2, 165, 113
3, 2, 36
3, 4, 89
3, 162, 123
3, 164, 94
3, 165, 136
4, 3, 89
4, 5, 126
4, 30, 272
4, 162, 81
4, 163, 114
5, 4, 126
5, 6, 141
5, 29, 259
5, 30, 179
5, 31, 176
5, 151, 192
5, 175, 197
5, 176, 179
5, 177, 185
6, 5, 141
6, 25, 4
6, 30, 76
6, 31, 69
6, 48, 118
6, 49, 212
6, 50, 192
6, 53, 267
6, 55, 299
6, 151, 85
6, 155, 260
6, 159, 234
6, 176, 237
6, 177, 253
7, 25, 102
7, 48, 118
7, 50, 192
7, 54, 257
7, 55, 299
8, 9, 166
8, 10, 247
8, 23, 198
8, 31, 166
8, 48, 266
8, 156, 179
8, 157, 192
8, 185, 241
9, 8, 166
9, 10, 115
9, 12, 255
9, 24, 95
9, 31, 154
9, 32, 203
9, 116, 284
9, 131, 242
9, 135, 192
9, 137, 184
9, 156, 56
9, 169, 205
9, 185, 109
10, 8, 247
10, 9, 115
10, 12, 170
10, 24, 165
10, 31, 234
10, 130, 46
10, 131, 158
10, 135, 107
10, 137, 100
10, 150, 176
10, 156, 135
10, 185, 20
11, 12, 127
11, 24, 184
11, 130, 28
11, 136, 258
11, 169, 80
12, 9, 255
12, 10, 170
12, 11, 127
12, 24, 238
12, 32, 141
12, 96, 59
12, 116, 148
12, 131, 191
12, 134, 296
12, 135, 145
12, 137, 145
12, 156, 274
12, 169, 134
12, 185, 164
13, 14, 67
13, 96, 64
13, 116, 49
13, 134, 285
13, 139, 196
13, 140, 223
13, 144, 209
14, 13, 67
14, 15, 70
15, 14, 70
15, 47, 98
15, 95, 77
15, 134, 282
15, 139, 116
15, 140, 163
15, 144, 149
16, 17, 60
16, 18, 257
16, 19, 273
16, 20, 273
16, 33, 252
16, 70, 215
16, 95, 20
16, 98, 261
16, 99, 261
16, 100, 261
16, 119, 257
16, 153, 235
16, 168, 101
17, 16, 60
17, 18, 230
17, 19, 238
17, 33, 266
17, 70, 229
17, 94, 9
17, 98, 235
17, 99, 235
17, 100, 235
17, 119, 230
17, 153, 249
17, 168, 138
18, 16, 257
18, 17, 230
18, 47, 288
18, 93, 274
18, 106, 225
18, 119, 231
18, 168, 244
18, 170, 258
19, 16, 273
19, 17, 238
19, 20, 238
19, 41, 253
19, 70, 262
19, 92, 253
19, 104, 155
19, 153, 254
20, 16, 273
20, 19, 238
20, 41, 253
20, 70, 261
20, 92, 253
20, 94, 238
20, 104, 155
20, 153, 254
21, 22, 216
21, 33, 293
21, 34, 162
21, 41, 295
21, 56, 299
21, 58, 169
21, 68, 135
21, 69, 240
21, 72, 291
21, 81, 284
21, 92, 267
21, 120, 194
21, 121, 243
21, 136, 250
21, 153, 277
21, 190, 241
21, 191, 241
22, 21, 216
22, 33, 284
22, 41, 295
22, 56, 256
22, 68, 101
22, 70, 228
22, 71, 1
22, 72, 207
22, 73, 278
22, 81, 213
22, 112, 292
22, 120, 213
22, 121, 207
22, 136, 134
22, 153, 268
22, 190, 133
22, 191, 133
23, 8, 198
23, 24, 98
23, 55, 265
23, 66, 275
23, 67, 167
23, 69, 203
23, 71, 115
23, 136, 160
23, 190, 212
23, 191, 212
24, 9, 95
24, 10, 165
24, 11, 184
24, 12, 238
24, 23, 98
24, 32, 137
24, 116, 219
24, 131, 292
24, 135, 242
24, 136, 121
24, 137, 234
24, 169, 139
24, 185, 159
25, 6, 4
25, 7, 102
25, 54, 243
26, 27, 59
26, 51, 117
26, 52, 148
26, 80, 133
27, 26, 59
27, 42, 59
27, 51, 110
27, 52, 117
27, 80, 99
27, 117, 65
28, 29, 55
28, 52, 141
28, 53, 154
28, 115, 272
28, 117, 77
29, 5, 259
29, 28, 55
29, 30, 131
29, 48, 213
29, 49, 199
29, 53, 154
29, 87, 258
29, 115, 241
29, 125, 153
30, 4, 272
30, 5, 179
30, 6, 76
30, 29, 131
30, 31, 88
30, 48, 128
30, 49, 195
30, 50, 203
30, 53, 270
30, 87, 289
30, 115, 272
30, 125, 184
30, 151, 115
30, 159, 278
30, 176, 280
30, 177, 297
31, 5, 176
31, 6, 69
31, 8, 166
31, 9, 154
31, 10, 234
31, 30, 88
31, 49, 262
31, 151, 63
31, 156, 162
31, 157, 175
31, 159, 210
31, 174, 202
31, 176, 231
31, 185, 228
32, 9, 203
32, 12, 141
32, 24, 137
32, 33, 47
32, 68, 292
32, 116, 107
32, 136, 201
32, 169, 26
33, 16, 252
33, 17, 266
33, 21, 293
33, 22, 284
33, 32, 47
33, 41, 237
33, 68, 266
33, 69, 300
33, 70, 105
33, 92, 240
33, 136, 229
33, 153, 124
33, 190, 300
33, 191, 300
34, 21, 162
34, 35, 127
34, 41, 246
34, 58, 60
34, 68, 100
34, 72, 221
34, 92, 229
34, 105, 163
34, 120, 145
35, 34, 127
35, 36, 103
35, 41, 278
35, 59, 145
35, 92, 238
35, 105, 50
35, 118, 181
36, 35, 103
36, 37, 39
36, 59, 100
36, 118, 136
37, 36, 39
37, 38, 60
38, 37, 60
38, 39, 63
38, 112, 189
38, 113, 152
39, 38, 63
39, 57, 45
39, 73, 259
39, 112, 145
39, 113, 108
40, 57, 31
40, 73, 227
40, 74, 176
40, 75, 150
40, 81, 227
40, 114, 47
40, 145, 287
41, 19, 253
41, 20, 253
41, 21, 295
41, 22, 295
41, 33, 237
41, 34, 246
41, 35, 278
41, 58, 249
41, 68, 248
41, 70, 154
41, 92, 222
41, 94, 294
41, 104, 273
41, 105, 273
41, 120, 154
41, 153, 158
42, 27, 59
42, 51, 121
42, 52, 154
42, 80, 120
42, 115, 284
43, 44, 33
43, 179, 144
44, 43, 33
44, 45, 32
45, 44, 32
45, 46, 43
45, 170, 12
46, 45, 43
46, 47, 29
46, 170, 39
47, 15, 98
47, 18, 288
47, 46, 29
47, 95, 117
47, 98, 293
47, 99, 293
47, 100, 293
47, 119, 288
47, 134, 298
47, 139, 104
47, 140, 104
47, 144, 138
48, 6, 118
48, 7, 118
48, 8, 266
48, 29, 213
48, 30, 128
48, 49, 107
48, 50, 114
48, 53, 170
48, 54, 203
48, 55, 244
48, 125, 286
48, 155, 187
49, 6, 212
49, 29, 199
49, 30, 195
49, 31, 262
49, 48, 107
49, 50, 115
49, 53, 128
49, 125, 248
49, 151, 278
50, 6, 192
50, 7, 192
50, 30, 203
50, 48, 114
50, 49, 115
50, 53, 129
50, 54, 102
50, 155, 86
51, 26, 117
51, 27, 110
51, 42, 121
51, 52, 114
51, 80, 101
51, 90, 292
51, 115, 236
51, 117, 163
52, 26, 148
52, 27, 117
52, 28, 141
52, 42, 154
52, 51, 114
52, 53, 198
52, 80, 157
52, 89, 266
52, 90, 222
52, 115, 166
52, 117, 170
52, 154, 295
53, 6, 267
53, 28, 154
53, 29, 154
53, 30, 270
53, 48, 170
53, 49, 128
53, 50, 129
53, 52, 198
53, 125, 250
54, 7, 257
54, 25, 243
54, 48, 203
54, 50, 102
54, 66, 2
54, 71, 265
54, 155, 61
55, 6, 299
55, 7, 299
55, 23, 265
55, 48, 244
55, 56, 102
55, 66, 85
55, 67, 135
55, 68, 239
55, 69, 217
55, 72, 195
55, 83, 179
55, 84, 168
55, 85, 135
55, 86, 199
55, 91, 133
55, 111, 242
55, 121, 160
55, 136, 281
55, 190, 195
55, 191, 195
56, 21, 299
56, 22, 256
56, 55, 102
56, 67, 199
56, 68, 228
56, 69, 227
56, 72, 180
56, 82, 228
56, 111, 228
56, 121, 93
56, 136, 290
56, 190, 181
56, 191, 180
57, 39, 45
57, 40, 31
58, 21, 169
58, 34, 60
58, 41, 249
58, 68, 113
58, 72, 200
58, 73, 261
58, 81, 196
58, 92, 246
58, 112, 275
58, 120, 148
58, 121, 117
59, 35, 145
59, 36, 100
59, 60, 63
59, 118, 151
59, 188, 112
60, 59, 63
60, 61, 34
61, 60, 34
61, 62, 56
62, 61, 56
62, 63, 32
63, 62, 32
63, 64, 31
64, 63, 31
64, 65, 22
65, 64, 22
65, 181, 71
66, 23, 275
66, 54, 2
66, 55, 85
66, 67, 163
66, 68, 267
66, 69, 245
66, 83, 218
66, 84, 177
66, 85, 144
66, 86, 209
66, 91, 143
66, 190, 246
66, 191, 246
67, 23, 167
67, 55, 135
67, 56, 199
67, 66, 163
67, 68, 191
67, 69, 119
67, 71, 120
67, 72, 233
67, 84, 246
67, 85, 213
67, 86, 277
67, 91, 211
67, 111, 285
67, 121, 246
67, 136, 235
67, 190, 207
67, 191, 207
68, 21, 135
68, 22, 101
68, 32, 292
68, 33, 266
68, 34, 100
68, 41, 248
68, 55, 239
68, 56, 228
68, 58, 113
68, 66, 267
68, 67, 191
68, 69, 125
68, 70, 187
68, 72, 180
68, 73, 251
68, 81, 186
68, 82, 286
68, 92, 287
68, 112, 265
68, 120, 164
68, 121, 180
68, 136, 135
68, 190, 126
68, 191, 126
69, 21, 240
69, 23, 203
69, 33, 300
69, 55, 217
69, 56, 227
69, 66, 245
69, 67, 119
69, 68, 125
69, 70, 244
69, 71, 119
69, 72, 231
69, 81, 238
69, 85, 295
69, 91, 293
69, 120, 238
69, 121, 238
69, 136, 167
69, 153, 284
69, 190, 104
69, 191, 104
70, 16, 215
70, 17, 229
70, 19, 262
70, 20, 261
70, 22, 228
70, 33, 105
70, 41, 154
70, 68, 187
70, 69, 244
70, 92, 161
70, 104, 281
70, 105, 288
70, 120, 40
70, 136, 262
70, 153, 66
70, 168, 290
70, 190, 244
70, 191, 244
71, 22, 1
71, 23, 115
71, 54, 265
71, 67, 120
71, 69, 119
72, 21, 291
72, 22, 207
72, 34, 221
72, 55, 195
72, 56, 180
72, 58, 200
72, 67, 233
72, 68, 180
72, 69, 231
72, 73, 225
72, 81, 161
72, 82, 262
72, 111, 262
72, 112, 239
72, 120, 282
72, 121, 155
72, 136, 241
72, 190, 148
72, 191, 148
73, 22, 278
73, 39, 259
73, 40, 227
73, 58, 261
73, 68, 251
73, 72, 225
73, 74, 193
73, 75, 281
73, 81, 101
73, 82, 191
73, 112, 148
73, 113, 182
73, 114, 199
73, 121, 181
73, 145, 250
74, 40, 176
74, 73, 193
74, 75, 230
74, 76, 284
74, 81, 193
74, 82, 292
74, 112, 193
74, 113, 184
74, 114, 147
74, 121, 269
74, 145, 193
75, 40, 150
75, 73, 281
75, 74, 230
75, 76, 104
75, 81, 281
75, 114, 173
76, 74, 284
76, 75, 104
77, 78, 94
77, 79, 276
77, 80, 225
78, 77, 94
78, 79, 256
78, 80, 205
79, 77, 276
79, 78, 256
79, 80, 72
80, 26, 133
80, 27, 99
80, 42, 120
80, 51, 101
80, 52, 157
80, 77, 225
80, 78, 205
80, 79, 72
80, 115, 288
80, 127, 281
80, 128, 258
80, 129, 281
81, 21, 284
81, 22, 213
81, 40, 227
81, 58, 196
81, 68, 186
81, 69, 238
81, 72, 161
81, 73, 101
81, 74, 193
81, 75, 281
81, 82, 118
81, 112, 102
81, 120, 295
81, 121, 116
81, 136, 247
81, 145, 250
81, 190, 238
81, 191, 238
82, 56, 228
82, 68, 286
82, 72, 262
82, 73, 191
82, 74, 292
82, 81, 118
82, 111, 37
82, 112, 184
82, 121, 214
82, 190, 263
82, 191, 262
83, 55, 179
83, 66, 218
83, 84, 78
83, 111, 134
83, 145, 254
84, 55, 168
84, 66, 177
84, 67, 246
84, 83, 78
84, 85, 57
84, 86, 157
84, 87, 296
84, 91, 91
84, 110, 99
85, 55, 135
85, 66, 144
85, 67, 213
85, 69, 295
85, 84, 57
85, 86, 157
85, 91, 91
85, 110, 62
85, 190, 296
85, 191, 296
86, 55, 199
86, 66, 209
86, 67, 277
86, 84, 157
86, 85, 157
86, 87, 254
86, 88, 271
86, 91, 100
86, 110, 180
86, 115, 286
86, 125, 199
87, 29, 258
87, 30, 289
87, 84, 296
87, 86, 254
87, 88, 142
87, 89, 200
87, 90, 237
87, 91, 272
87, 115, 178
87, 125, 134
88, 86, 271
88, 87, 142
88, 89, 158
88, 90, 194
88, 91, 289
88, 115, 175
88, 125, 198
89, 52, 266
89, 87, 200
89, 88, 158
89, 90, 76
89, 115, 151
90, 51, 292
90, 52, 222
90, 87, 237
90, 88, 194
90, 89, 76
90, 115, 123
90, 154, 101
91, 55, 133
91, 66, 143
91, 67, 211
91, 69, 293
91, 84, 91
91, 85, 91
91, 86, 100
91, 87, 272
91, 88, 289
91, 110, 142
91, 190, 294
91, 191, 294
92, 19, 253
92, 20, 253
92, 21, 267
92, 33, 240
92, 34, 229
92, 35, 238
92, 41, 222
92, 58, 246
92, 68, 287
92, 70, 161
92, 105, 229
92, 120, 161
92, 153, 190
93, 18, 274
93, 94, 77
93, 98, 270
93, 99, 270
93, 100, 270
93, 106, 225
93, 119, 274
93, 153, 299
94, 17, 9
94, 20, 238
94, 41, 294
94, 93, 77
94, 104, 207
94, 106, 223
95, 15, 77
95, 16, 20
95, 47, 117
95, 134, 299
95, 139, 135
95, 140, 182
95, 144, 168
96, 12, 59
96, 13, 64
96, 116, 100
96, 139, 246
96, 144, 259
97, 133, 263
97, 134, 229
98, 16, 261
98, 17, 235
98, 47, 293
98, 93, 270
98, 99, 235
98, 100, 235
98, 106, 225
98, 168, 251
98, 170, 259
99, 16, 261
99, 17, 235
99, 47, 293
99, 93, 270
99, 98, 235
99, 100, 235
99, 106, 225
99, 168, 251
99, 170, 259
100, 16, 261
100, 17, 235
100, 47, 293
100, 93, 270
100, 98, 235
100, 99, 235
100, 106, 224
100, 168, 251
100, 170, 259
101, 102, 61
102, 101, 61
102, 103, 33
103, 102, 33
103, 123, 37
104, 19, 155
104, 20, 155
104, 41, 273
104, 70, 281
104, 94, 207
104, 105, 40
104, 153, 248
105, 34, 163
105, 35, 50
105, 41, 273
105, 70, 288
105, 92, 229
105, 104, 40
105, 120, 292
105, 153, 255
106, 18, 225
106, 93, 225
106, 94, 223
106, 98, 225
106, 99, 225
106, 100, 224
106, 107, 53
106, 119, 225
106, 168, 150
106, 170, 112
107, 106, 53
107, 108, 82
108, 107, 82
108, 109, 38
109, 108, 38
110, 84, 99
110, 85, 62
110, 86, 180
110, 91, 142
110, 125, 86
111, 55, 242
111, 56, 228
111, 67, 285
111, 72, 262
111, 82, 37
111, 83, 134
111, 121, 214
111, 145, 250
111, 190, 263
111, 191, 262
112, 22, 292
112, 38, 189
112, 39, 145
112, 58, 275
112, 68, 265
112, 72, 239
112, 73, 148
112, 74, 193
112, 81, 102
112, 82, 184
112, 113, 53
112, 121, 194
113, 38, 152
113, 39, 108
113, 73, 182
113, 74, 184
113, 112, 53
113, 114, 49
114, 40, 47
114, 73, 199
114, 74, 147
114, 75, 173
114, 113, 49
114, 121, 280
114, 145, 281
115, 28, 272
115, 29, 241
115, 30, 272
115, 42, 284
115, 51, 236
115, 52, 166
115, 80, 288
115, 86, 286
115, 87, 178
115, 88, 175
115, 89, 151
115, 90, 123
115, 125, 117
115, 154, 195
116, 9, 284
116, 12, 148
116, 13, 49
116, 24, 219
116, 32, 107
116, 96, 100
116, 135, 272
116, 136, 283
116, 137, 272
116, 169, 110
117, 27, 65
117, 28, 77
117, 51, 163
117, 52, 170
118, 35, 181
118, 36, 136
118, 59, 151
119, 16, 257
119, 17, 230
119, 18, 231
119, 47, 288
119, 93, 274
119, 106, 225
119, 168, 243
119, 170, 257
120, 21, 194
120, 22, 213
120, 34, 145
120, 41, 154
120, 58, 148
120, 68, 164
120, 69, 238
120, 70, 40
120, 72, 282
120, 81, 295
120, 92, 161
120, 105, 292
120, 136, 247
120, 190, 238
120, 191, 238
121, 21, 243
121, 22, 207
121, 55, 160
121, 56, 93
121, 58, 117
121, 67, 246
121, 68, 180
121, 69, 238
121, 72, 155
121, 73, 181
121, 74, 269
121, 81, 116
121, 82, 214
121, 111, 214
121, 112, 194
121, 114, 280
121, 136, 241
121, 145, 298
121, 190, 152
121, 191, 151
122, 123, 24
122, 126, 38
123, 103, 37
123, 122, 24
124, 1, 81
124, 2, 143
124, 126, 29
125, 29, 153
125, 30, 184
125, 48, 286
125, 49, 248
125, 53, 250
125, 86, 199
125, 87, 134
125, 88, 198
125, 110, 86
125, 115, 117
126, 122, 38
126, 124, 29
127, 80, 281
127, 128, 217
127, 129, 217
128, 80, 258
128, 127, 217
128, 129, 217
129, 80, 281
129, 127, 217
129, 128, 217
130, 10, 46
130, 11, 28
130, 135, 143
130, 137, 135
131, 9, 242
131, 10, 158
131, 12, 191
131, 24, 292
131, 135, 92
131, 137, 91
131, 150, 28
131, 156, 262
131, 169, 281
131, 171, 207
131, 185, 151
132, 138, 16
132, 150, 21
133, 97, 263
133, 134, 50
133, 138, 87
133, 172, 124
133, 187, 127
134, 12, 296
134, 13, 285
134, 15, 282
134, 47, 298
134, 95, 299
134, 97, 229
134, 133, 50
134, 139, 243
134, 140, 270
134, 144, 255
135, 9, 192
135, 10, 107
135, 12, 145
135, 24, 242
135, 116, 272
135, 130, 143
135, 131, 92
135, 137, 46
135, 156, 211
135, 169, 220
135, 171, 201
135, 185, 100
136, 11, 258
136, 21, 250
136, 22, 134
136, 23, 160
136, 24, 121
136, 32, 201
136, 33, 229
136, 55, 281
136, 56, 290
136, 67, 235
136, 68, 135
136, 69, 167
136, 70, 262
136, 72, 241
136, 81, 247
136, 116, 283
136, 120, 247
136, 121, 241
136, 169, 203
136, 190, 167
136, 191, 167
137, 9, 184
137, 10, 100
137, 12, 145
137, 24, 234
137, 116, 272
137, 130, 135
137, 131, 91
137, 135, 46
137, 156, 204
137, 169, 220
137, 171, 172
137, 185, 93
138, 132, 16
138, 133, 87
138, 172, 118
138, 187, 121
139, 13, 196
139, 15, 116
139, 47, 104
139, 95, 135
139, 96, 246
139, 134, 243
139, 140, 81
139, 144, 82
140, 13, 223
140, 15, 163
140, 47, 104
140, 95, 182
140, 134, 270
140, 139, 81
140, 141, 33
140, 144, 63
141, 140, 33
141, 142, 47
141, 143, 104
141, 144, 87
142, 141, 47
142, 143, 82
143, 141, 104
143, 142, 82
143, 144, 25
144, 13, 209
144, 15, 149
144, 47, 138
144, 95, 168
144, 96, 259
144, 134, 255
144, 139, 82
144, 140, 63
144, 141, 87
144, 143, 25
145, 40, 287
145, 73, 250
145, 74, 193
145, 81, 250
145, 83, 254
145, 111, 250
145, 114, 281
145, 121, 298
145, 146, 52
146, 145, 52
146, 152, 56
147, 148, 73
147, 152, 50
148, 147, 73
149, 167, 235
150, 10, 176
150, 131, 28
150, 132, 21
150, 171, 192
150, 185, 169
151, 5, 192
151, 6, 85
151, 30, 115
151, 31, 63
151, 49, 278
151, 159, 238
151, 174, 243
152, 146, 56
152, 147, 50
153, 16, 235
153, 17, 249
153, 19, 254
153, 20, 254
153, 21, 277
153, 22, 268
153, 33, 124
153, 41, 158
153, 69, 284
153, 70, 66
153, 92, 190
153, 93, 299
153, 104, 248
153, 105, 255
153, 190, 284
153, 191, 284
154, 52, 295
154, 90, 101
154, 115, 195
155, 6, 260
155, 48, 187
155, 50, 86
155, 54, 61
156, 8, 179
156, 9, 56
156, 10, 135
156, 12, 274
156, 31, 162
156, 131, 262
156, 135, 211
156, 137, 204
156, 157, 35
156, 171, 161
156, 185, 129
157, 8, 192
157, 31, 175
157, 156, 35
157, 171, 151
157, 173, 1
158, 173, 54
158, 174, 2
159, 6, 234
159, 30, 278
159, 31, 210
159, 151, 238
159, 171, 165
159, 175, 1
160, 175, 31
160, 176, 2
161, 176, 32
161, 177, 0
162, 3, 123
162, 4, 81
162, 163, 40
162, 177, 62
163, 4, 114
163, 162, 40
163, 164, 37
164, 2, 71
164, 3, 94
164, 163, 37
164, 165, 50
165, 2, 113
165, 3, 136
165, 164, 50
165, 166, 115
166, 165, 115
166, 167, 52
166, 178, 146
167, 149, 235
167, 166, 52
167, 171, 206
167, 178, 116
167, 186, 202
168, 16, 101
168, 17, 138
168, 18, 244
168, 70, 290
168, 98, 251
168, 99, 251
168, 100, 251
168, 106, 150
168, 119, 243
168, 170, 71
169, 9, 205
169, 11, 80
169, 12, 134
169, 24, 139
169, 32, 26
169, 116, 110
169, 131, 281
169, 135, 220
169, 136, 203
169, 137, 220
170, 18, 258
170, 45, 12
170, 46, 39
170, 98, 259
170, 99, 259
170, 100, 259
170, 106, 112
170, 119, 257
170, 168, 71
171, 131, 207
171, 135, 201
171, 137, 172
171, 150, 192
171, 156, 161
171, 157, 151
171, 159, 165
171, 167, 206
171, 174, 152
171, 185, 116
171, 186, 15
172, 133, 124
172, 138, 118
172, 187, 15
173, 157, 1
173, 158, 54
174, 31, 202
174, 151, 243
174, 158, 2
174, 171, 152
174, 175, 25
175, 5, 197
175, 159, 1
175, 160, 31
175, 174, 25
176, 5, 179
176, 6, 237
176, 30, 280
176, 31, 231
176, 160, 2
176, 161, 32
177, 5, 185
177, 6, 253
177, 30, 297
177, 161, 0
177, 162, 62
178, 166, 146
178, 167, 116
179, 43, 144
179, 180, 56
180, 179, 56
181, 65, 71
181, 182, 72
182, 181, 72
182, 183, 38
183, 182, 38
183, 184, 75
184, 183, 75
185, 8, 241
185, 9, 109
185, 10, 20
185, 12, 164
185, 24, 159
185, 31, 228
185, 131, 151
185, 135, 100
185, 137, 93
185, 150, 169
185, 156, 129
185, 171, 116
186, 167, 202
186, 171, 15
187, 133, 127
187, 138, 121
187, 172, 15
188, 59, 112
188, 189, 69
189, 188, 69
190, 21, 241
190, 22, 133
190, 23, 212
190, 33, 300
190, 55, 195
190, 56, 181
190, 66, 246
190, 67, 207
190, 68, 126
190, 69, 104
190, 70, 244
190, 72, 148
190, 81, 238
190, 82, 263
190, 85, 296
190, 91, 294
190, 111, 263
190, 120, 238
190, 121, 152
190, 136, 167
190, 153, 284
190, 191, 84
191, 21, 241
191, 22, 133
191, 23, 212
191, 33, 300
191, 55, 195
191, 56, 180
191, 66, 246
191, 67, 207
191, 68, 126
191, 69, 104
191, 70, 244
191, 72, 148
191, 81, 238
191, 82, 262
191, 85, 296
191, 91, 294
191, 111, 262
191, 120, 238
191, 121, 151
191, 136, 167
191, 153, 284
191, 190, 84
